271
273
290
292
559
591
617
619
679
729
732
804
812
969
970
985
1010
1034
1048
1078
1084
1106
1159
1225
1227
1233
1402
1413
1433
1442
1453
1465
1508
1616
1690
1725
1743
1744
1764
1775
1779
1783
1832
1873
1893
1907
1956
2001
2115
2128
2144
2175
2190
2198
2199
2206
2256
2260
2436
2449
2482
2528
2533
2592
2595
2602
2616
2620
2622
2623
2630
2633
2638
2639
2654
2657
2696
2737
2788
2808
2815
2830
2850
2852
2877
2895
2899
2924
3027
3028
3031
3039
3052
3060
3094
3110
3140
3144
3171
3205
3208
3216
3284
3354
3404
3434
3513
3516
3517
3531
3539
3591
3610
3621
3657
3671
3686
3704
3717
3733
3817
3827
3885
3894
3898
3901
3904
3905
3909
3910
3911
3915
3920
3931
3980
4014
4021
4032
4037
4079
4083
4097
4109
4110
4116
4121
4154
4166
4198
4203
4235
4248
4294
4299
4301
4325
4329
4347
4350
4354
4355
4358
4363
4366
4389
4392
4405
4429
4431
4437
4466
4481
4495
4502
4514
4517
4529
4600
4601
4619
4620
4623
4627
4636
4639
4645
4693
4715
4718
4720
4736
4739
4744
4767
4770
4790
4845
4847
4849
4851
4857
4860
4874
4881
4894
4895
4898
4907
4908
4909
4910
4914
4922
4933
4938
4943
4946
4952
4953
4958
4972
4973
4978
4985
4986
4990
4991
4992
4993
4999
5005
5010
5013
5014
5016
5018
5021
5027
5028
5036
5039
5044
5050
5059
5060
5062
5063
5067
5070
5072
5073
5074
5076
5077
5078
5087
5089
5095
5099
5104
5105
5106
5107
5108
5112
5118
5119
5121
5123
5124
5125
5126
5127
5128
5131
5132
5134
5141
5142
5143
5144
5146
5147
5148
5149
5150
5152
5154
5184
5188
5192
5202
5207
5210
5213
5218
5222
5233
5237
5240
5251
5261
5267
5268
5274
5275
5293
5296
5309
5319
5328
5337
5358
5364
5371
5373
5375
5376
5377
5381
5385
5396
5399
5414
5416
5426
5436
5437
5438
5440
5441
5445
5448
5450
5451
5453
5454
5460
5461
5462
5467
5469
5470
5471
5472
5475
5476
5479
5481
5486
5494
5499
5500
5510
5513
5516
5529
5535
5536
5537
5538
5540
5543
5555
5558
5561
5564
5565
5576
5582
5584
5585
5587
5593
5594
5596
5598
5599
5601
5605
5609
5610
5612
5617
5618
5619
5620
5622
5623
5624
5626
5635
5638
5641
5643
5645
5646
5647
5649
5656
5658
5661
5672
5683
5690
5691
5694
5700
5702
5706
5713
5726
5727
5731
5732
5733
5744
5745
5747
5749
5754
5757
5759
5763
5764
5766
5769
5770
5771
5773
5774
5777
5778
5780
5783
5784
5787
5789
5790
5794
5795
5796
5797
5798
5799
5811
5814
5819
5822
5823
5830
5853
5854
5860
5870
5874
5875
5876
5883
5898
5911
5921
5944
5946
5957
5965
5972
5982
5984
5986
5995
6011
6013
6015
6025
6035
6043
6044
6045
6047
6058
6062
6070
6075
6076
6079
6088
6089
6090
6098
6100
6102
6106
6107
6129
6134
6138
6141
6142
6143
6151
6156
6163
6171
6179
6186
6201
6202
6205
6212
6220
6238
6247
6272
6282
6283
6287
6288
6292
6313
6319
6324
6328
6331
6335
6341
6351
6359
6365
6373
6374
6376
6377
6380
6382
6385
6399
6402
6406
6412
6416
6420
6425
6426
6433
6434
6438
6443
6445
6449
6451
6452
6453
6459
6465
6466
6468
6471
6478
6482
6483
6486
6488
6489
6491
6500
6501
6504
6507
6508
6511
6513
6514
6515
6517
6518
6519
6521
6526
6529
6530
6532
6533
6534
6537
6538
6540
6541
6545
6546
6548
6549
6550
6553
6554
6562
6576
6581
6591
6597
6600
6601
6602
6607
6608
6609
6612
6613
6617
6618
6621
6622
6626
6630
6635
6640
6643
6645
6652
6659
6664
6667
6672
6674
6675
6686
6690
6692
6702
6708
6709
6714
6715
6716
6717
6718
6726
6727
6728
6729
6731
6744
6745
6746
6748
6750
6751
6752
6758
6761
6762
6763
6764
6765
6771
6773
6774
6775
6776
6778
6779
6780
6781
6782
6787
6789
6792
6793
6795
6796
6797
6798
6799
6802
6805
6806
6807
6808
6818
6822
6830
6832
6833
6834
6837
6842
6845
6847
6853
6854
6856
6865
6866
6867
6868
6871
6874
6875
6876
6878
6879
6880
6890
6893
6895
6897
6906
6909
6910
6913
6921
6922
6923
6925
6926
6927
6933
6934
6937
6938
6943
6946
6954
6955
6956
6959
6962
6964
6965
6972
6973
6974
6975
6979
6980
6981
6984
6988
6990
6991
6992
6993
6995
6998
7000
7001
7002
7004
7005
7006
7007
7008
7010
7011
7013
7014
7015
7016
7019
7020
7021
7022
7023
7024
7025
7026
7028
7030
7032
7035
7036
7039
7040
7041
7042
7043
7044
7045
7046
7048
7052
7054
7058
7064
7066
7075
7076
7082
7085
7090
7094
7096
7099
7100
7101
7103
7105
7108
7109
7112
7113
7118
7121
7124
7125
7126
7129
7131
7134
7135
7138
7139
7142
7143
7145
7146
7147
7149
7150
7151
7152
7156
7157
7160
7161
7162
7163
7166
7167
7168
7169
7171
7173
7174
7175
7176
7177
7178
7191
7198
7202
7204
7215
7218
7220
7222
7231
7238
7239
7240
7242
7244
7245
7249
7250
7254
7256
7260
7261
7263
7265
7266
7270
7271
7272
7275
7277
7278
7284
7285
7289
7290
7292
7293
7295
7296
7297
7298
7299
7300
7301
11
26
154
209
274
293
311
348
368
377
386
506
592
598
618
735
751
850
894
903
979
1001
1006
1011
1068
1094
1115
1135
1142
1144
1172
1193
1255
1316
1367
1378
1404
1420
1445
1474
1484
1509
1517
1565
1570
1639
1673
1699
1716
1731
1755
1770
1780
1788
1833
1845
1858
1865
1905
1909
1947
1994
1995
1999
2027
2039
2046
2059
2114
2125
2147
2169
2182
2201
2202
2204
2265
2274
2337
2386
2404
2410
2417
2446
2460
2485
2517
2530
2543
2550
2554
2603
2608
2615
2621
2625
2627
2632
2683
2709
2753
2772
2785
2794
2809
2829
2857
2858
2873
2907
2912
2918
2931
2937
2938
2951
2960
2967
2968
2978
3032
3041
3053
3119
3127
3142
3145
3165
3173
3183
3191
3210
3251
3252
3288
3292
3297
3360
3364
3397
3405
3412
3424
3427
3433
3442
3444
3480
3492
3493
3546
3564
3615
3620
3624
3625
3626
3635
3643
3660
3674
3730
3732
3758
3768
3773
3793
3804
3810
3812
3818
3846
3892
3907
3932
3948
3969
3981
4020
4033
4042
4048
4065
4123
4138
4156
4157
4163
4169
4184
4233
4238
4240
4259
4264
4267
4275
4292
4310
4314
4334
4346
4352
4370
4380
4381
4400
4403
4427
4428
4432
4433
4436
4465
4478
4496
4506
4508
4519
4524
4526
4577
4587
4597
4599
4632
4640
4642
4643
4660
4663
4710
4713
4726
4743
4754
4777
4809
4817
4824
4827
4861
4864
4868
4869
4877
4878
4884
4885
4888
4903
4913
4923
4929
4931
4935
4939
4965
4970
4974
4977
4982
4984
4994
5000
5002
5004
5006
5007
5015
5019
5020
5023
5024
5051
5058
5065
5069
5080
5082
5088
5090
5096
5101
5102
5111
5114
5115
5129
5130
5133
5137
5139
5140
5153
5158
5169
5174
5177
5193
5208
5221
5223
5229
5232
5234
5235
5236
5238
5245
5254
5256
5258
5266
5270
5284
5287
5292
5299
5302
5310
5314
5321
5323
5327
5329
5331
5334
5335
5338
5340
5341
5343
5349
5356
5357
5369
5378
5379
5380
5388
5397
5404
5406
5418
5428
5439
5442
5444
5447
5452
5457
5459
5463
5464
5465
5473
5484
5485
5489
5491
5501
5502
5508
5514
5519
5524
5525
5530
5534
5544
5545
5546
5551
5556
5557
5562
5572
5579
5580
5583
5590
5595
5600
5602
5606
5607
5614
5621
5625
5630
5632
5636
5639
5644
5652
5653
5659
5664
5666
5678
5685
5687
5692
5698
5703
5707
5710
5715
5717
5734
5735
5738
5743
5746
5748
5752
5755
5756
5760
5768
5781
5786
5788
5792
5793
5808
5809
5812
5817
5825
5836
5839
5855
5864
5865
5866
5868
5869
5884
5892
5896
5897
5926
5961
5968
5969
5978
5987
5993
5999
6004
6008
6012
6014
6027
6033
6038
6048
6049
6055
6057
6061
6063
6081
6084
6086
6087
6091
6095
6101
6104
6108
6110
6113
6117
6118
6124
6128
6140
6147
6149
6154
6158
6162
6164
6166
6178
6180
6182
6183
6184
6187
6191
6196
6206
6207
6208
6216
6217
6221
6224
6227
6239
6240
6242
6248
6250
6260
6261
6264
6265
6267
6268
6269
6273
6279
6285
6297
6298
6301
6306
6310
6314
6322
6325
6326
6329
6336
6343
6344
6352
6360
6361
6363
6366
6369
6375
6378
6387
6389
6393
6398
6401
6403
6413
6417
6418
6419
6422
6428
6429
6431
6444
6446
6450
6456
6460
6464
6467
6469
6472
6474
6475
6499
6505
6524
6525
6527
6528
6539
6544
6547
6551
6552
6564
6565
6578
6589
6611
6625
6629
6632
6634
6636
6638
6639
6642
6648
6654
6663
6666
6668
6669
6670
6671
6679
6681
6684
6688
6697
6703
6710
6712
6719
6720
6721
6724
6730
6732
6735
6740
6741
6742
6743
6747
6755
6756
6760
6767
6770
6772
6777
6783
6784
6786
6788
6790
6801
6803
6809
6810
6812
6813
6815
6819
6838
6839
6841
6843
6849
6855
6862
6863
6864
6869
6881
6882
6891
6892
6896
6901
6904
6907
6908
6911
6912
6928
6932
6936
6939
6941
6948
6953
6957
6958
6966
6967
6968
6971
6978
6982
6987
6989
6996
6997
7009
7018
7027
7031
7033
7037
7038
7047
7050
7057
7063
7068
7074
7084
7086
7087
7089
7091
7093
7098
7106
7110
7115
7116
7117
7122
7123
7127
7128
7130
7133
7137
7140
7144
7148
7153
7155
7158
7165
7170
7172
7180
7181
7185
7189
7190
7193
7194
7196
7201
7203
7209
7214
7216
7219
7221
7232
7234
7243
7248
7257
7258
7264
7268
7273
7274
7280
7281
7282
7287
7288
7291
7294
16
27
134
243
379
380
406
420
422
434
489
518
531
533
611
630
650
678
698
814
823
845
858
911
912
967
980
986
1002
1019
1043
1119
1154
1165
1198
1300
1312
1330
1359
1369
1384
1414
1437
1492
1507
1535
1539
1610
1664
1700
1736
1762
1771
1795
1844
1856
1864
1913
1914
1943
1961
2026
2029
2036
2060
2081
2117
2183
2194
2208
2217
2222
2248
2254
2279
2302
2345
2387
2389
2411
2420
2433
2455
2459
2494
2505
2539
2547
2548
2566
2588
2604
2637
2668
2728
2732
2743
2756
2760
2768
2771
2779
2787
2834
2845
2853
2855
2865
2880
2947
2949
2958
2961
2963
2989
3007
3017
3040
3061
3117
3118
3158
3172
3185
3187
3207
3209
3239
3257
3273
3279
3289
3291
3327
3333
3351
3352
3355
3356
3376
3383
3388
3394
3411
3413
3418
3428
3439
3464
3508
3519
3557
3569
3585
3617
3622
3632
3659
3685
3692
3694
3701
3727
3734
3760
3763
3764
3765
3779
3783
3787
3806
3815
3824
3872
3874
3881
3887
3889
3891
3959
3979
3997
4011
4022
4023
4025
4027
4039
4066
4102
4111
4119
4129
4133
4148
4149
4165
4168
4181
4185
4197
4212
4213
4216
4260
4278
4279
4312
4320
4345
4351
4359
4364
4365
4369
4377
4397
4406
4409
4411
4413
4420
4425
4426
4434
4454
4455
4458
4464
4474
4500
4525
4550
4556
4617
4626
4635
4644
4671
4681
4688
4714
4719
4728
4745
4753
4786
4791
4792
4798
4828
4830
4848
4858
4882
4889
4891
4893
4899
4904
4915
4918
4919
4925
4927
4928
4930
4940
4950
4961
4988
4998
5008
5011
5025
5026
5034
5038
5040
5045
5047
5055
5057
5068
5079
5083
5085
5086
5091
5103
5151
5157
5164
5170
5175
5176
5181
5185
5186
5190
5197
5200
5205
5209
5216
5225
5226
5231
5239
5246
5247
5257
5262
5273
5280
5286
5303
5304
5306
5316
5317
5324
5330
5332
5342
5345
5346
5351
5360
5362
5368
5392
5395
5398
5402
5408
5410
5415
5421
5427
5429
5432
5435
5466
5477
5482
5487
5488
5492
5493
5503
5504
5506
5515
5526
5531
5549
5550
5560
5566
5574
5578
5581
5586
5589
5591
5592
5603
5613
5615
5627
5629
5631
5633
5648
5674
5675
5693
5695
5699
5712
5716
5718
5720
5722
5725
5728
5730
5739
5740
5741
5753
5758
5779
5800
5801
5806
5815
5818
5826
5834
5841
5848
5856
5867
5904
5912
5920
5924
5947
5953
5979
5980
5981
5992
6005
6016
6018
6029
6032
6036
6041
6042
6053
6056
6059
6065
6068
6071
6072
6074
6077
6099
6105
6111
6123
6126
6131
6135
6145
6152
6161
6167
6170
6174
6188
6195
6204
6213
6218
6219
6232
6234
6236
6237
6244
6245
6257
6259
6271
6274
6286
6293
6299
6303
6305
6311
6315
6321
6333
6334
6342
6347
6364
6367
6370
6381
6392
6394
6397
6400
6405
6407
6408
6411
6424
6430
6439
6442
6448
6455
6457
6462
6463
6470
6473
6477
6485
6487
6492
6495
6496
6497
6502
6503
6516
6523
6531
6536
6543
6556
6570
6574
6579
6580
6588
6594
6596
6603
6616
6619
6627
6628
6641
6646
6647
6649
6662
6673
6677
6678
6680
6683
6693
6694
6696
6701
6704
6713
6733
6734
6736
6749
6753
6759
6768
6804
6814
6816
6824
6825
6836
6844
6851
6852
6857
6858
6870
6872
6883
6885
6887
6888
6889
6894
6899
6917
6918
6940
6944
6945
6947
6977
6983
6985
6999
7003
7012
7017
7029
7055
7056
7061
7065
7069
7071
7072
7073
7080
7081
7088
7092
7097
7102
7104
7107
7114
7119
7120
7136
7141
7159
7164
7179
7182
7186
7188
7192
7208
7211
7212
7223
7224
7226
7228
7235
7241
7247
7251
7252
7253
7255
7259
7262
7269
7279
7283
7286
10
52
69
80
206
210
230
282
343
417
427
428
438
474
512
532
553
571
575
594
718
768
779
781
821
937
951
966
977
990
1017
1038
1096
1124
1129
1139
1152
1155
1258
1279
1325
1331
1375
1429
1493
1520
1534
1543
1561
1604
1628
1685
1686
1687
1691
1694
1714
1720
1745
1749
1766
1767
1855
1884
1887
1901
1952
1972
2004
2017
2037
2045
2052
2065
2098
2118
2124
2185
2191
2212
2215
2226
2228
2236
2246
2269
2352
2353
2394
2398
2406
2418
2421
2424
2475
2484
2493
2510
2556
2579
2585
2589
2645
2678
2700
2754
2757
2762
2764
2775
2781
2806
2828
2854
2859
2866
2884
2889
2893
2946
2962
2970
2976
2981
2994
2997
3015
3019
3030
3055
3074
3087
3100
3125
3128
3179
3188
3202
3221
3236
3248
3255
3275
3280
3308
3315
3318
3320
3321
3323
3334
3374
3375
3382
3387
3399
3401
3414
3415
3420
3430
3435
3478
3485
3511
3536
3550
3597
3612
3614
3639
3640
3656
3661
3669
3673
3711
3723
3748
3749
3750
3775
3781
3796
3800
3854
3929
3930
3939
3971
3983
3985
3986
4016
4055
4061
4067
4073
4086
4088
4092
4099
4103
4113
4132
4140
4146
4158
4159
4170
4191
4201
4209
4223
4252
4268
4280
4288
4297
4316
4317
4322
4326
4337
4339
4349
4362
4371
4376
4386
4388
4398
4407
4408
4418
4441
4453
4463
4504
4521
4559
4566
4572
4573
4580
4602
4622
4633
4655
4666
4670
4674
4740
4741
4778
4781
4782
4783
4784
4788
4793
4865
4866
4871
4892
4897
4902
4911
4921
4926
4937
4944
4948
4957
4959
4967
4976
4997
5003
5012
5017
5031
5041
5046
5048
5052
5054
5056
5066
5081
5092
5093
5097
5098
5110
5135
5145
5161
5168
5171
5173
5180
5194
5196
5212
5220
5224
5227
5230
5244
5255
5272
5277
5281
5285
5295
5297
5298
5301
5305
5307
5318
5322
5325
5336
5339
5352
5353
5361
5367
5372
5382
5384
5387
5394
5400
5401
5403
5405
5412
5413
5419
5420
5422
5423
5424
5431
5433
5443
5446
5474
5483
5505
5517
5520
5533
5541
5567
5570
5575
5616
5663
5665
5670
5679
5680
5681
5688
5696
5704
5705
5709
5711
5714
5721
5737
5742
5750
5807
5816
5828
5829
5833
5838
5845
5846
5847
5877
5887
5893
5902
5907
5918
5925
5927
5935
5938
5941
5945
5960
5967
5970
5990
5996
5997
6007
6023
6026
6060
6064
6069
6078
6082
6092
6096
6120
6122
6130
6136
6150
6153
6159
6165
6175
6177
6200
6203
6211
6223
6228
6235
6246
6262
6270
6277
6280
6281
6312
6327
6332
6337
6338
6345
6350
6357
6368
6371
6390
6404
6414
6415
6421
6432
6435
6436
6437
6441
6454
6458
6479
6480
6481
6484
6493
6494
6498
6506
6509
6510
6535
6575
6583
6584
6587
6592
6598
6604
6614
6620
6644
6661
6682
6685
6695
6699
6706
6711
6725
6739
6791
6794
6800
6817
6823
6826
6828
6829
6831
6835
6859
6860
6877
6886
6900
6903
6905
6916
6924
6931
6951
6960
6961
6969
6970
6976
7051
7053
7060
7077
7078
7083
7111
7154
7195
7197
7199
7200
7205
7210
7217
7225
7229
7237
7276
217
389
390
529
554
584
613
616
629
760
835
846
866
905
909
916
923
944
962
1058
1059
1060
1069
1133
1140
1156
1162
1189
1259
1260
1276
1292
1319
1336
1358
1405
1419
1425
1467
1469
1521
1526
1569
1573
1577
1596
1629
1655
1705
1732
1759
1776
1804
1974
1982
2018
2072
2080
2082
2093
2130
2165
2187
2211
2220
2229
2239
2258
2261
2267
2270
2273
2275
2285
2314
2323
2362
2365
2377
2385
2390
2416
2428
2432
2438
2470
2474
2480
2495
2507
2535
2562
2578
2581
2601
2609
2619
2649
2656
2659
2662
2736
2776
2786
2789
2790
2827
2841
2864
2879
2921
2974
3022
3045
3046
3063
3067
3070
3072
3086
3092
3148
3166
3181
3214
3226
3228
3231
3265
3282
3286
3294
3296
3298
3302
3304
3306
3311
3313
3336
3349
3386
3410
3436
3438
3472
3496
3501
3510
3578
3581
3613
3619
3667
3681
3719
3746
3794
3795
3819
3834
3847
3850
3875
3876
3877
3883
3886
3906
3912
3914
3958
3963
3968
3996
4002
4044
4084
4085
4101
4118
4143
4153
4172
4174
4220
4226
4231
4241
4255
4290
4300
4306
4315
4335
4342
4343
4360
4394
4414
4415
4416
4424
4430
4442
4447
4450
4472
4480
4483
4484
4497
4503
4507
4509
4518
4543
4571
4575
4579
4589
4595
4606
4621
4646
4647
4665
4675
4679
4684
4747
4789
4794
4810
4814
4816
4825
4832
4859
4863
4880
4916
4945
4949
4951
4956
4968
4969
4987
5029
5032
5064
5075
5094
5120
5155
5160
5163
5166
5167
5178
5182
5187
5228
5242
5248
5252
5294
5320
5347
5365
5366
5374
5386
5409
5425
5478
5490
5507
5511
5518
5523
5527
5539
5552
5569
5571
5577
5608
5642
5651
5662
5668
5673
5676
5677
5684
5708
5723
5761
5762
5791
5810
5837
5843
5849
5850
5852
5879
5885
5900
5906
5913
5929
5948
5959
5962
5974
5975
5983
6001
6020
6022
6031
6037
6040
6094
6097
6115
6121
6139
6181
6189
6190
6225
6229
6231
6252
6266
6275
6289
6296
6300
6308
6309
6320
6346
6353
6356
6362
6372
6386
6396
6461
6476
6522
6558
6561
6563
6566
6567
6569
6571
6586
6593
6610
6615
6624
6651
6656
6657
6665
6700
6705
6737
6754
6757
6769
6785
6811
6821
6840
6861
6873
6914
6963
7034
7059
7062
7095
7213
7230
7233
7246
22
105
176
374
413
469
544
597
625
628
645
699
727
811
836
856
869
881
887
919
934
1000
1037
1236
1248
1287
1332
1334
1338
1341
1379
1382
1436
1441
1468
1485
1490
1502
1515
1575
1586
1659
1669
1738
1742
1773
1790
1801
1803
1817
1824
1825
1850
1888
1946
1977
2009
2038
2047
2061
2156
2176
2219
2223
2249
2251
2298
2304
2324
2338
2360
2375
2381
2403
2440
2450
2456
2477
2481
2516
2538
2571
2584
2610
2674
2689
2692
2705
2727
2758
2769
2777
2795
2798
2831
2848
2870
2881
2928
2932
2939
2941
2953
3033
3034
3047
3064
3075
3078
3089
3093
3141
3167
3192
3198
3199
3206
3213
3258
3263
3300
3325
3341
3343
3363
3389
3390
3437
3440
3459
3461
3471
3475
3483
3500
3507
3512
3526
3627
3636
3648
3649
3653
3666
3668
3687
3688
3691
3698
3699
3703
3709
3712
3720
3721
3738
3741
3759
3769
3778
3790
3798
3802
3825
3828
3853
3923
3936
3937
3944
3975
3977
4034
4043
4072
4090
4093
4114
4122
4127
4142
4152
4161
4171
4189
4193
4195
4228
4236
4237
4242
4253
4256
4258
4262
4289
4305
4330
4361
4372
4399
4412
4422
4459
4470
4491
4531
4570
4578
4583
4591
4692
4700
4709
4727
4732
4733
4775
4785
4802
4818
4829
4842
4850
4856
4890
4906
4920
4955
4964
4971
4975
4979
4980
4981
4983
5001
5022
5030
5042
5043
5049
5084
5109
5113
5116
5159
5162
5165
5172
5179
5206
5214
5253
5259
5276
5308
5333
5348
5355
5390
5411
5434
5498
5522
5528
5554
5573
5604
5634
5640
5671
5686
5724
5751
5776
5785
5803
5872
5878
5881
5882
5889
5890
5910
5932
5936
5937
5939
5940
5949
5950
5954
5991
6002
6009
6017
6039
6116
6127
6148
6160
6172
6176
6192
6194
6214
6233
6251
6253
6258
6276
6278
6284
6295
6318
6323
6330
6349
6358
6379
6391
6512
6520
6555
6573
6599
6631
6633
6637
6658
6676
6689
6723
6820
6850
6884
6919
6930
6942
6949
7132
7187
7207
63
198
225
245
297
331
346
378
411
424
431
527
606
624
666
750
794
805
843
854
940
964
984
994
1022
1075
1085
1102
1138
1161
1204
1215
1223
1229
1263
1277
1306
1356
1407
1452
1454
1531
1574
1632
1647
1649
1717
1718
1800
1821
1867
1902
1918
1940
1954
1962
2000
2044
2074
2197
2271
2303
2325
2339
2419
2479
2483
2524
2526
2541
2544
2552
2561
2567
2577
2583
2594
2635
2636
2646
2660
2663
2664
2687
2698
2712
2720
2740
2748
2818
2822
2839
2862
2869
2925
2926
2942
2945
2950
2954
3011
3014
3051
3068
3082
3129
3134
3149
3177
3197
3224
3238
3241
3256
3316
3329
3331
3353
3362
3366
3368
3378
3398
3432
3453
3470
3481
3489
3502
3505
3509
3514
3515
3559
3576
3678
3718
3725
3744
3752
3753
3767
3809
3816
3829
3860
3868
3880
3916
3917
3955
3967
3988
3991
3995
4009
4015
4024
4038
4045
4056
4071
4095
4108
4128
4147
4175
4194
4202
4218
4222
4227
4232
4243
4281
4311
4393
4395
4438
4444
4446
4456
4457
4468
4488
4522
4527
4528
4532
4533
4560
4584
4604
4607
4631
4634
4641
4649
4697
4704
4722
4723
4749
4755
4756
4765
4776
4779
4795
4799
4811
4813
4822
4823
4844
4886
4905
4936
5035
5037
5100
5122
5189
5201
5204
5215
5217
5243
5265
5269
5271
5283
5315
5326
5350
5354
5370
5389
5391
5449
5480
5495
5509
5521
5542
5559
5597
5654
5660
5669
5736
5765
5802
5824
5832
5835
5863
5880
5894
5899
5901
5903
5909
5915
5934
5943
5989
6000
6024
6052
6169
6185
6210
6222
6226
6263
6307
6348
6355
6383
6388
6395
6427
6440
6447
6557
6568
6582
6585
6623
6653
6655
6687
6698
6707
6738
6898
6902
6929
6950
6986
7067
7079
7183
7184
7227
29
103
168
181
208
249
342
351
430
501
550
555
564
702
766
782
786
877
949
996
1089
1105
1111
1127
1158
1207
1238
1262
1266
1304
1324
1351
1353
1392
1411
1423
1435
1463
1486
1494
1499
1567
1663
1665
1693
1696
1727
1734
1739
1765
1786
1849
1878
1917
1923
1936
1948
1953
2043
2106
2112
2127
2173
2184
2192
2241
2354
2384
2388
2425
2434
2441
2451
2514
2523
2529
2531
2580
2599
2651
2658
2666
2690
2691
2704
2734
2774
2802
2825
2835
2846
2849
2917
2940
2983
2998
3009
3042
3096
3133
3138
3153
3178
3196
3217
3223
3249
3270
3303
3332
3337
3358
3391
3407
3409
3417
3426
3445
3491
3551
3553
3554
3570
3571
3573
3580
3590
3596
3616
3637
3670
3677
3683
3702
3745
3761
3803
3821
3831
3843
3856
3859
3882
3895
3924
3938
3961
3964
3970
3984
4013
4017
4035
4036
4064
4091
4151
4160
4179
4199
4207
4214
4225
4229
4251
4266
4285
4341
4357
4373
4383
4384
4390
4404
4417
4419
4449
4475
4486
4516
4523
4545
4551
4552
4555
4562
4564
4565
4592
4612
4630
4652
4668
4696
4706
4729
4730
4746
4748
4752
4759
4773
4805
4806
4819
4833
4834
4853
4867
4917
4924
4947
4995
5071
5138
5191
5241
5279
5282
5288
5300
5547
5553
5667
5689
5775
5805
5813
5820
5831
5840
5871
5873
5886
5905
5928
5942
5951
5952
5973
6046
6083
6093
6103
6114
6119
6193
6197
6241
6243
6256
6339
6542
6560
6577
6722
6827
6848
6915
6935
6994
7206
7267
7
43
50
136
218
279
319
350
361
367
381
382
391
410
429
565
585
587
608
631
667
711
769
776
785
857
875
884
890
936
972
978
1004
1040
1077
1107
1182
1247
1251
1288
1322
1337
1347
1377
1448
1449
1475
1563
1583
1591
1599
1614
1656
1661
1671
1678
1710
1751
1754
1756
1797
1798
1811
1834
1868
1876
1879
1916
1964
1970
1991
1992
2058
2068
2131
2205
2210
2287
2295
2327
2334
2335
2341
2347
2399
2407
2422
2423
2435
2457
2486
2512
2582
2618
2628
2634
2650
2693
2724
2767
2778
2784
2807
2814
2817
2844
2863
2886
2896
2908
2944
2982
2991
3012
3020
3035
3036
3065
3088
3097
3104
3115
3132
3164
3264
3274
3285
3301
3350
3359
3373
3377
3421
3466
3477
3482
3494
3522
3527
3537
3582
3588
3655
3672
3689
3700
3715
3716
3731
3739
3792
3807
3811
3845
3864
3896
3942
3992
4005
4010
4029
4047
4069
4070
4077
4094
4104
4136
4196
4208
4254
4261
4263
4265
4440
4462
4473
4476
4482
4490
4501
4505
4535
4539
4546
4568
4576
4588
4598
4658
4667
4672
4677
4680
4686
4689
4694
4711
4717
4764
4769
4838
4870
4896
4960
5061
5117
5156
5183
5289
5291
5311
5456
5458
5611
5637
5682
5821
5842
5861
5930
5956
5958
5988
6034
6067
6073
6080
6109
6112
6132
6133
6173
6198
6199
6209
6290
6294
6304
6316
6317
6340
6559
6590
6595
6766
6846
6920
72
94
119
141
288
437
570
626
675
695
717
758
802
878
982
998
1015
1041
1083
1113
1126
1150
1171
1256
1305
1329
1368
1376
1409
1524
1550
1551
1625
1652
1670
1680
1697
1707
1781
1784
1805
1816
1874
1877
2014
2019
2022
2091
2095
2135
2140
2158
2162
2213
2291
2306
2346
2359
2396
2401
2427
2501
2519
2563
2564
2605
2725
2868
2871
2885
2898
2905
2971
2975
2979
3000
3006
3102
3105
3131
3152
3162
3212
3218
3269
3319
3367
3379
3385
3403
3447
3452
3454
3457
3468
3484
3542
3552
3560
3577
3631
3682
3690
3707
3777
3786
3903
3950
4050
4106
4137
4141
4167
4178
4217
4219
4391
4401
4439
4452
4479
4499
4511
4541
4553
4611
4614
4628
4651
4678
4685
4690
4695
4698
4705
4721
4724
4731
4737
4742
4766
4787
4797
4808
4837
4843
4855
4901
4989
5033
5195
5219
5250
5260
5263
5278
5312
5313
5344
5417
5496
5563
5804
5888
5919
5933
5955
5998
6019
6085
6291
6384
6409
6410
6952
7049
110
192
205
284
404
405
665
683
693
780
813
867
888
889
906
917
932
1003
1053
1253
1293
1310
1321
1342
1346
1412
1471
1572
1587
1594
1603
1688
1689
1746
1763
1793
1859
1915
1951
1959
1978
1986
2054
2083
2167
2214
2264
2280
2415
2429
2439
2454
2473
2489
2490
2497
2573
2642
2669
2671
2684
2688
2701
2717
2742
2878
2906
3021
3054
3107
3136
3175
3190
3203
3268
3283
3290
3307
3324
3371
3381
3425
3469
3479
3486
3487
3589
3607
3646
3651
3696
3697
3780
3826
3839
3840
3842
3861
3870
3888
3922
4000
4100
4124
4145
4155
4177
4190
4246
4250
4286
4348
4448
4469
4494
4534
4567
4596
4683
4716
4738
4761
4780
4812
4846
4875
4912
5053
5136
5198
5203
5249
5264
5455
5512
5588
5701
5844
5895
5908
5916
5923
5966
5971
5977
5994
6003
6028
6050
6054
6144
6249
6302
6490
6650
7236
4
20
86
329
359
528
535
551
820
837
839
899
954
988
1018
1020
1023
1074
1097
1132
1246
1278
1320
1335
1357
1365
1388
1427
1446
1447
1462
1496
1510
1528
1547
1593
1626
1667
1730
1740
1837
1870
1875
1896
2025
2042
2066
2113
2137
2148
2159
2164
2181
2216
2300
2318
2333
2367
2393
2408
2498
2500
2508
2542
2565
2575
2597
2702
2707
2726
2729
2766
2792
2801
2820
2821
2832
2838
2874
2883
2902
2923
2955
2965
2985
3010
3025
3043
3123
3147
3180
3193
3220
3254
3328
3347
3370
3400
3402
3474
3528
3545
3664
3665
3675
3735
3736
3784
3820
3838
3841
3848
3902
3928
3941
3945
3952
3999
4107
4131
4150
4164
4206
4244
4273
4283
4308
4324
4378
4510
4520
4530
4536
4538
4563
4582
4608
4615
4625
4659
4661
4669
4676
4708
4800
4815
4836
4854
4900
4934
4966
5383
5407
5628
5655
5729
5851
5859
5917
5963
5976
6021
6051
6066
6146
6230
6423
6572
6660
95
135
244
253
294
490
517
520
607
620
688
694
708
745
865
896
924
939
947
948
963
992
1047
1064
1072
1076
1121
1128
1134
1137
1157
1208
1250
1417
1426
1434
1444
1450
1478
1504
1554
1555
1588
1612
1630
1662
1840
1857
1980
2062
2088
2123
2126
2141
2153
2174
2243
2276
2284
2286
2292
2331
2344
2383
2414
2444
2452
2458
2465
2492
2532
2549
2560
2613
2624
2644
2673
2697
2703
2816
2824
2842
2856
2909
2922
2987
3003
3121
3160
3211
3253
3361
3455
3499
3543
3568
3605
3609
3633
3658
3662
3684
3693
3766
3770
3785
3801
3823
3833
3851
3855
3974
3982
4008
4173
4180
4186
4188
4210
4230
4247
4291
4293
4318
4332
4385
4402
4423
4477
4485
4489
4537
4544
4585
4605
4638
4654
4701
4750
4763
4820
4826
4831
4852
4962
4963
5199
5290
5363
5393
5719
5767
5772
5827
5858
5914
6030
6157
6254
6255
6354
6605
6606
6691
70
107
116
170
221
307
326
363
442
578
682
796
943
957
1130
1143
1237
1268
1410
1443
1451
1464
1477
1497
1513
1516
1537
1607
1658
1681
1708
1922
1955
2010
2077
2171
2186
2293
2322
2329
2358
2488
2499
2502
2546
2569
2586
2614
2695
2710
2747
2813
2861
2875
2894
2897
2913
2915
2972
2993
3005
3013
3080
3139
3168
3170
3184
3233
3259
3310
3314
3339
3340
3365
3392
3419
3521
3567
3601
3724
3747
3776
3791
3805
3813
3836
3863
3943
3947
3976
3994
3998
4041
4052
4059
4068
4075
4081
4135
4224
4249
4375
4382
4387
4498
4549
4554
4558
4561
4624
4653
4687
4702
4735
4768
4804
4841
4941
4942
5211
5568
5657
5891
5964
6010
191
240
286
470
524
525
558
599
632
677
795
892
907
922
1030
1045
1050
1185
1199
1269
1309
1399
1455
1457
1518
1540
1546
1605
1611
1726
1752
1831
1841
1847
1882
1920
2161
2268
2272
2294
2308
2349
2395
2487
2525
2540
2572
2596
2611
2679
2680
2694
2708
2751
2752
2770
2910
2943
3050
3095
3159
3174
3219
3322
3456
3495
3561
3566
3586
3587
3630
3634
3663
3680
3756
3797
3933
3954
4049
4082
4096
4176
4187
4221
4257
4271
4323
4331
4374
4513
4590
4603
4618
4637
4682
4762
4774
4803
4821
4879
5430
6137
6168
7070
73
106
167
317
341
401
402
433
493
548
582
614
615
705
738
757
762
809
855
873
918
1046
1062
1073
1092
1120
1176
1274
1303
1354
1385
1390
1558
1559
1606
1622
1642
1703
1721
1761
1812
1852
1860
1967
1996
2024
2050
2146
2157
2366
2378
2402
2453
2491
2503
2537
2553
2640
2665
2672
2686
2750
2780
2799
2851
2920
2929
2933
2948
2952
3069
3099
3114
3151
3157
3194
3237
3266
3277
3278
3287
3299
3330
3335
3338
3408
3446
3449
3450
3467
3562
3565
3611
3618
3652
3713
3714
3726
3729
3822
3857
3866
3957
4074
4117
4134
4182
4192
4274
4282
4296
4304
4367
4460
4512
4650
4699
4707
4734
4760
4996
5548
5782
5922
6155
5
78
146
305
397
426
498
505
509
540
567
581
791
800
841
904
995
1009
1052
1067
1071
1170
1360
1514
1634
1757
1774
1802
1813
1830
1848
1899
1932
1945
1950
2048
2086
2108
2120
2136
2139
2154
2342
2356
2397
2409
2506
2520
2534
2593
2606
2607
2685
2706
2812
2843
3345
3448
3504
3532
3556
3558
3603
3606
3679
3740
3751
3814
3890
4007
4031
4040
4125
4144
4276
4321
4328
4396
4548
4569
4581
4586
4616
4657
4757
4772
5468
5985
40
194
323
464
541
764
770
935
1014
1079
1086
1242
1272
1527
1552
1598
1633
1638
1646
1648
1672
1682
1702
1712
1758
1799
1861
1890
1904
1930
1942
2035
2041
2168
2253
2262
2290
2315
2332
2350
2382
2445
2471
2518
2559
2590
2641
2675
2900
2914
2936
2959
3029
3130
3137
3143
3293
3497
3555
3583
3599
3629
3644
3844
3899
3935
3972
4004
4120
4130
4319
4435
4461
4492
4557
4594
4609
4629
4664
4751
4758
4873
4887
5857
5931
6006
8
100
276
309
365
526
603
660
669
942
1012
1028
1049
1091
1145
1147
1291
1314
1349
1386
1473
1481
1538
1541
1580
1585
1592
1679
1729
1807
1822
1863
1886
2002
2073
2078
2087
2092
2283
2289
2297
2301
2320
2363
2431
2522
2557
2591
2598
2629
2653
2730
2833
3186
3247
3271
3346
3384
3523
3638
3742
3858
3869
3878
3897
3953
4053
4063
4126
4270
4272
4443
4451
5009
5532
6125
75
76
150
203
213
215
262
265
291
315
325
398
425
454
478
534
547
556
810
847
1042
1051
1122
1136
1218
1270
1285
1348
1387
1422
1617
1695
1737
1815
1897
1941
1984
1988
2056
2096
2100
2132
2227
2230
2232
2245
2282
2469
2511
2558
2576
2617
2715
2759
2935
2964
3084
3169
3235
3245
3281
3423
3463
3572
3641
3650
3705
3755
3772
3893
3978
4026
4062
4089
4298
4610
4656
4725
5359
5862
31
144
175
233
267
296
324
369
388
472
484
590
604
697
709
755
853
870
1149
1190
1261
1295
1299
1389
1391
1396
1439
1503
1505
1536
1579
1584
1589
1724
1741
1748
1772
1836
1892
2064
2099
2102
2149
2151
2234
2336
2361
2472
2504
2682
2721
2741
2744
2749
2892
2999
3002
3008
3049
3059
3222
3261
3344
3369
3396
3642
3654
3706
3722
3771
3774
3852
3879
3908
3946
3987
4234
4269
4344
4368
4445
4493
4540
4574
4691
4703
4807
4835
4876
35
93
216
347
349
353
494
774
908
945
999
1116
1211
1282
1311
1364
1487
1620
1627
1640
1643
1644
1760
1785
1792
1935
1979
1987
1989
2016
2033
2034
2063
2104
2166
2218
2225
2231
2281
2288
2326
2376
2570
2719
2745
2823
2826
2911
2956
2992
3109
3163
3200
3246
3357
3393
3451
3473
3541
3584
3628
3676
3789
3949
4087
4215
4313
4356
4542
4547
4771
4872
4883
15
58
68
137
254
321
596
724
799
930
938
941
991
1031
1109
1114
1249
1273
1290
1315
1352
1595
1750
1895
1910
1912
1969
2020
2069
2071
2110
2122
2178
2340
2371
2733
2763
2847
2980
2996
3024
3048
3113
3116
3225
3250
3309
3395
3416
3549
3574
3575
3728
3737
3919
4054
4239
4353
4515
4662
4712
4839
4840
5497
97
180
196
308
344
475
511
576
767
797
829
864
1024
1063
1101
1164
1213
1297
1326
1340
1395
1470
1506
1511
1512
1525
1542
1545
1560
1590
1651
1723
1778
1789
1806
1809
1839
1898
1968
2070
2257
2312
2462
2464
2527
2652
2755
2837
2840
2916
3243
3305
3342
3579
3926
4012
4057
4112
4211
4303
4307
4410
4421
4467
4593
4648
4673
5697
6215
81
450
504
588
636
658
723
730
744
763
861
876
915
926
927
1163
1203
1230
1301
1381
1400
1476
1522
1601
1641
1666
1698
1753
1814
1851
1934
2007
2028
2030
2116
2437
2448
2545
2587
2643
2670
2783
2800
2810
2966
3090
3182
3229
3260
3276
3506
3602
3993
4284
4333
4613
4862
117
123
212
338
370
419
479
568
572
703
740
765
784
844
871
974
993
1217
1240
1275
1328
1345
1483
1488
2145
2299
2355
2400
2513
2782
2919
3091
3242
3295
3372
3488
3503
3547
3594
3595
3600
3788
3832
3900
3960
3966
4200
4205
4309
4327
19
99
247
332
358
672
719
722
733
743
756
834
898
901
1153
1318
1456
1549
1562
1637
1650
1654
1769
1862
2053
2085
2094
2160
2252
2259
2648
2738
2793
2882
3098
3122
3155
3161
3799
3865
3951
3989
4019
4051
4078
4277
4287
4302
4932
5650
102
163
298
407
481
737
761
859
1080
1093
1112
1141
1254
1458
1460
1495
1500
1519
1530
1532
1553
1668
1713
1843
1957
1998
2049
2119
2177
2238
2310
2321
2364
2426
2461
2509
2515
2551
2804
2969
2977
3103
3146
3262
3498
3529
3538
3598
3754
3862
4030
4115
4796
4954
37
55
67
82
84
169
513
642
696
716
832
851
886
920
928
953
1044
1267
1281
1704
1906
1944
2003
2012
2031
2109
2155
2237
2357
2379
2442
2476
2612
2626
2773
2990
3317
3462
3544
3921
23
174
214
241
612
1036
1061
1070
1206
1280
1284
1286
1298
1323
1363
1370
1371
1372
1383
1432
1889
1894
1929
2235
2369
2430
2667
2891
2973
3058
3071
3267
3348
3460
3476
3837
4139
4162
85
283
316
403
415
488
515
634
680
893
1264
1283
1317
1333
1424
1602
1683
1960
2008
2107
2134
2150
2179
2195
2305
2313
2319
2496
2957
3038
3057
3081
3429
3743
4076
4336
4801
700
860
929
1021
1188
1339
1394
1459
1523
1600
1618
1653
1733
1735
1768
1827
1966
2011
2040
2343
2443
2447
2600
2811
3044
3490
3647
3757
3808
3884
3925
4098
395
663
686
701
754
771
975
1271
1343
1576
1613
1635
1660
1706
1787
1810
2084
2221
2328
2536
2761
3111
3422
4018
4058
4183
4204
4245
46
90
121
155
159
173
236
263
306
336
354
375
562
668
792
868
1212
1219
1296
1571
1615
1794
1828
1835
1853
1872
2013
2055
2105
2163
2180
2250
2746
2805
2860
2872
3154
3227
3441
3867
3918
4006
4105
4295
250
304
602
689
852
1033
1039
1192
1205
1228
1373
1715
1823
1883
1993
2203
2240
2463
2867
2927
3156
3272
3406
3431
3956
4340
38
177
190
204
222
266
289
301
303
408
463
676
746
772
828
895
925
1087
1099
1232
1241
1416
1461
1491
1582
1900
1911
1990
2051
2138
2412
3101
3913
3927
3962
96
101
125
140
184
280
322
486
495
561
600
638
657
1098
1209
1631
2015
2089
2133
2172
2188
2277
2373
2568
3380
3604
3708
4338
4379
182
231
268
340
345
627
726
863
874
946
958
1110
1173
1302
1431
1556
1808
2242
2263
2266
2370
2521
2655
2731
2934
2984
3120
3592
3710
3762
4046
4487
28
57
65
183
633
639
773
952
997
1065
1796
1826
1838
1866
1880
1938
1958
1981
2200
2348
2677
2803
2904
3016
3234
3443
3530
3871
60
111
312
320
356
394
491
640
900
976
1224
1350
1401
1709
2097
2142
2374
3001
3076
3135
3525
3563
3849
3965
18
258
432
552
671
790
793
817
1187
1196
1355
1621
1818
1869
2330
2351
2468
2876
3066
3695
3830
4003
4028
4080
1
48
295
441
457
523
589
655
830
902
971
1222
1361
1657
1903
2023
2129
2676
2887
2901
3004
3244
4471
13
120
313
409
439
539
569
593
715
749
775
788
840
965
1005
1194
1216
1479
1777
1983
2193
2711
2739
2797
3026
3176
3458
3608
3940
3973
139
143
195
302
648
921
1294
1566
1624
1636
1965
2032
2278
2466
2478
3023
3037
3873
71
87
179
318
492
662
713
777
816
933
1032
1151
1175
1501
1881
1919
2076
3520
151
229
392
458
530
549
739
818
819
879
1195
1398
1472
1701
2075
2121
2368
2631
3230
3540
3835
88
152
186
355
459
747
783
806
822
826
1609
1676
1891
2021
2101
2903
2986
2988
3126
3518
3535
3782
220
364
542
690
691
1016
1220
1239
1421
2111
2661
3195
3240
34
83
360
473
480
714
734
752
955
1123
1168
1937
2057
2699
2930
3548
41
108
118
335
362
546
987
1181
1397
1557
1939
1949
2103
2152
3204
4060
49
62
156
269
399
514
644
674
706
961
1234
1403
1692
1885
2316
54
145
277
366
521
601
1252
1829
1921
2209
2244
2413
2735
2888
3534
255
460
681
891
1013
1029
1095
1179
1418
1544
1674
1722
1846
1924
2224
2317
2372
2647
2890
3533
373
647
842
1103
1146
1174
1265
1480
1854
1973
3073
3079
33
131
162
445
583
815
872
1100
1307
1728
3056
3990
471
485
707
838
960
1008
1380
1498
2791
147
502
652
989
1055
1243
1374
1415
1430
1564
1747
1931
1971
2233
2391
2467
2819
2995
3062
142
252
435
499
981
1125
1231
1428
1608
2196
2405
2716
77
235
787
1200
1645
3465
185
270
384
759
1928
3077
3232
3
21
333
376
641
897
1186
1568
1908
1976
2005
3524
4001
281
1082
1313
1820
2796
3201
115
808
1344
1362
1842
2207
2713
12
25
114
226
232
646
827
848
931
956
1148
1578
1581
3106
3112
161
327
328
372
507
704
825
1169
1675
2189
39
45
248
566
670
1466
1819
1871
3312
24
314
418
807
1090
3150
166
522
882
1160
1226
2090
2311
2681
3189
157
223
443
824
883
1118
1393
1406
1408
1482
1926
1975
1985
3085
3623
91
260
1327
1997
2079
2296
2309
44
56
133
211
239
687
712
914
1191
1438
2307
2765
3124
3645
3934
149
219
661
1210
1619
1684
30
246
261
444
483
577
609
753
1289
2722
2723
109
129
339
1104
1221
3083
3108
158
224
622
910
1963
2714
6
59
153
126
234
453
1167
1366
2380
393
477
503
651
710
801
973
1054
1056
1489
1533
1677
51
122
414
2067
2555
3593
178
452
466
508
1057
1235
104
199
537
885
968
1081
2170
187
197
300
396
423
654
1035
1440
2247
193
416
536
649
748
264
497
1244
2718
47
664
950
1066
1933
2836
2
128
172
259
310
574
959
1548
1597
160
487
1214
1782
287
1257
79
138
201
446
1183
1791
2143
200
171
436
61
148
643
684
1925
3215
299
412
468
1245
2255
1719
89
1026
17
385
880
1180
242
337
831
189
476
685
1088
538
692
721
728
635
798
1007
1166
2574
516
1184
653
1131
3326
278
448
482
560
257
510
557
1197
36
352
357
545
580
586
164
227
656
496
202
440
725
1027
2392
272
778
238
449
451
1927
32
275
421
500
849
862
1108
1177
543
605
14
165
383
983
1308
371
9
285
3018
127
74
1529
2006
113
595
621
789
1178
913
1202
228
124
64
1025
251
334
400
53
637
803
256
132
519
1117
465
579
742
462
623
130
207
741
563
610
42
1711
731
736
833
387
112
188
447
720
1623
98
573
673
1201
659
237
467
456
66
455
461
92
330
